0000000000000000000000000000000000000001
0000000000010000000000001110100000000001
0000000000000000000000000000000000000001
0000000100011000000000001110100000000001
0000000000111010000000110010000000000001
0000000000110010000001000010001000000001
0000000000100010000000110011010000000001
0000000000011010000001000010001000000001
0000000000010010000000000010001000000001
0000000000001010000000010010001000000001
0000000000000010000000100010001000000001
0000000000000000000000000000000000000001
0000000000101000000000001110001000000001
0000000001000000000000001111001000000001
0000000001101010000010000010000000000001
0000000001100010000010010010001000000001
0000000001010010000010000011010000000001
0000000001001010000010010010001000000001
0000000000101010000001010010001000000001
0000000000100010000001100010001000000001
0000000000011010000001110010001000000001
0000000000000000000000000000000000000001
0000000001011000000000001110001000000001
0000000001110000000000001111001000000001
0000000010011010000011010010000000000001
0000000010010010000011100010001000000001
0000000010000010000011010011010000000001
0000000001111010000011100010001000000001
0000000001011010000010100010001000000001
0000000001010010000010110010001000000001
0000000001001010000011000010001000000001
0000000000000000000000000000000000000001
0000000010001000000000001110001000000001
0000000010100000000000001111001000000001
0000000011001010000100100010000000000001
0000000011000010000100110010001000000001
0000000010110010000100100011010000000001
0000000010101010000100110010001000000001
0000000010001010000011110010001000000001
0000000010000010000100000010001000000001
0000000001111010000100010010001000000001
0000000000000000000000000000000000000001
0000000010111000000000001110001000000001
0000000011010000000000001111001000000001
0000000011111010000101110010000000000001
0000000011110010000110000010001000000001
0000000011100010000101110011010000000001
0000000011011010000110000010001000000001
0000000010111010000101000010001000000001
0000000010110010000101010010001000000001
0000000010101010000101100010001000000001
0000000000000000000000000000000000000001
0000000011101000000000001110001000000001
0000000100000000000000001111001000000001
0000000101000010000111000010000000000001
0000000100111010000111010010001000000001
0000000100101010000111000011010000000001
0000000100100010000111010010001000000001
0000000100011010000110010010001000000001
0000000100010010000110100010001000000001
0000000100001010000110110010001000000001
0000000000000000000000000000000000000001
0000000100110000000000001110001000000001
0000000101001000000000001111001000000001
0000000101110010001000010010000000000001
0000000101101010001000100010001000000001
0000000101011010001000010011010000000001
0000000101010010001000100010001000000001
0000000100110010000111100010001000000001
0000000100101010000111110010001000000001
0000000100100010001000000010001000000001
0000000000000000000000000000000000000001
0000000101100000000000001110001000000001
0000000101111000000000001111001000000001
0000000110100010001001100010000000000001
0000000110011010001001110010001000000001
0000000110001010001001100011010000000001
0000000110000010001001110010001000000001
0000000101100010001000110010001000000001
0000000101011010001001000010001000000001
0000000101010010001001010010001000000001
0000000000000000000000000000000000000001
0000000110010000000000001110001000000001
0000000110101000000000001111001000000001
0000000111010010001010110010000000000001
0000000111001010001011000010001000000001
0000000110111010001010110011010000000001
0000000110110010001011000010001000000001
0000000110010010001010000010001000000001
0000000110001010001010010010001000000001
0000000110000010001010100010001000000001
0000000000000000000000000000000000000001
0000000111000000000000001110001000000001
0000000111011000000000001111001000000001
0000001000000010001100000010000000000001
0000000111111010001100010010001000000001
0000000111101010001100000011010000000001
0000000111100010001100010010001000000001
0000000111000010001011010010001000000001
0000000110111010001011100010001000000001
0000000110110010001011110010001000000001
0000000000000000000000000000000000000001
0000000111110000000000001110001000000001
0000001000001000000000001111001000000001
0000000011101010001100100010000000000001
0000000111110010001100100010001000000001
0000000000000000000000000000000000000001
0000001000010000000000001110001000000001
1111111111110010001100110010000000000001
0000001001000000000000001110001000000001
0000000011101001000010000010000000000001
0000001000100000000000001110001000000001
0000001000010001000010000010000000000001
0000001000101000000000001110001000000001
0000000111110001000010000010000000000001
0000001000110000000000001110001000000001
1111111111101001000010000010000000000001
0000001010011000000000001110001000000001
0000001000111001000010000010000000000001
0000001001000001000010000010001001001001
1111111111110001000010000010000000100110
0000001010011000000000001110001000000001
0000001001011001000010000010000000000001
1111111111110001000100110010001001001001
0000001000111001000010000010000000000001
0000001001111001000010000010000000100101
0000001010000000000000001110001000000001
0000001001101001000010000010000000000001
1111111111110001000100110010001001001001
0000001000111001000010000010000000000001
0000001010001001000010000010000000100101
0000001010010000000000001110001000000001
0000001010100001000010000010000000000001
0000000000000000000000000000000000000001
0000001010110000000000001111000000000001
0000001010110001000010000010000000000001
1111111111110001000100110010001001001001
0000001010011001000010000010000000000001
1111111111101001000010000010000000100101
0000001010011000000000001110001000000001
0000001000111001000010000010000000000001
0000001001000000000000001110001000100101
0000001001001001000010000010000000000001
0000001001011001000010000010001001000001
0000001010101000000000001110001000000001
0000001001011001000010000010000000000001
0000001010101001000101000010001000000001
0000001001100000000000001110001000000001
0000001010000000000000001100000000000001
0000000000000111111111111010000000000001
0000001001100000000000001100000000000001
0000001000100111111111110010000010000001
0000001000011000000000001110001000000001
1111111111110001000010000010000000000001
1111111111110111111111110010001001000001
0000001001110000000000001110001000000001
0000001010010000000000001100000000000001
0000000000000111111111111010000000000001
0000001001110000000000001100000000000001
0000001000100111111111110010000010000001
0000001000011001000010000010001000000001
0000001000011000000000001110001000000001
0000001001001001000010000010000000000001
0000001010011001000010000010001001000001
0000000000000000000000000000000000000001
0000001001010000000000001111000000000001
0000000000000000000000000000000000000001
1111111111110010001101000010000000000001
0000001011100000000000001110001000000001
0000000011101001000010000010000000000001
0000001011000000000000001110001000000001
0000001000010001000010000010000000000001
0000001011001000000000001110001000000001
0000000111110001000010000010000000000001
0000001011010000000000001110001000000001
1111111111101001000010000010000000000001
0000001100111000000000001110001000000001
0000001011011001000010000010000000000001
0000001011100001000010000010001001001001
1111111111110001000010000010000000100110
0000001100111000000000001110001000000001
0000001011111001000010000010000000000001
1111111111110001000100110010001001001001
0000001011011001000010000010000000000001
0000001100011001000010000010000000100101
0000001100100000000000001110001000000001
0000001100001001000010000010000000000001
1111111111110001000100110010001001001001
0000001011011001000010000010000000000001
0000001100101001000010000010000000100101
0000001100110000000000001110001000000001
0000001101000001000010000010000000000001
0000000000000000000000000000000000000001
0000001101010000000000001111000000000001
0000001101010001000010000010000000000001
1111111111110001000100110010001001001001
0000001100111001000010000010000000000001
1111111111101001000010000010000000100101
0000001100111000000000001110001000000001
0000001011011001000010000010000000000001
0000001011100000000000001110001000100101
0000001011101001000010000010000000000001
0000001011111001000010000010001001000001
0000001101001000000000001110001000000001
0000001011111001000010000010000000000001
0000001101001001000101000010001000000001
0000001100000000000000001110001000000001
0000001100100000000000001100000000000001
0000000000000111111111111010000000000001
0000001100000000000000001100000000000001
0000001011000111111111110010000010000001
0000001010111000000000001110001000000001
1111111111110001000010000010000000000001
1111111111110111111111110010001001000001
0000001100010000000000001110001000000001
0000001100110000000000001100000000000001
0000000000000111111111111010000000000001
0000001100010000000000001100000000000001
0000001011000111111111110010000010000001
0000001010111001000010000010001000000001
0000001010111000000000001110001000000001
0000001011101001000010000010000000000001
0000001100111001000010000010001001000001
0000000000000000000000000000000000000001
0000001011110000000000001111000000000001
0000000000000000000000000000000000000001
1111111111110010001101010010000000000001
0000001110000000000000001110001000000001
0000000011101001000010000010000000000001
0000001101100000000000001110001000000001
0000001000010001000010000010000000000001
0000001101101000000000001110001000000001
0000000111110001000010000010000000000001
0000001101110000000000001110001000000001
1111111111101001000010000010000000000001
0000001111011000000000001110001000000001
0000001101111001000010000010000000000001
0000001110000001000010000010001001001001
1111111111110001000010000010000000100110
0000001111011000000000001110001000000001
0000001110011001000010000010000000000001
1111111111110001000100110010001001001001
0000001101111001000010000010000000000001
0000001110111001000010000010000000100101
0000001111000000000000001110001000000001
0000001110101001000010000010000000000001
1111111111110001000100110010001001001001
0000001101111001000010000010000000000001
0000001111001001000010000010000000100101
0000001111010000000000001110001000000001
0000001111100001000010000010000000000001
0000000000000000000000000000000000000001
0000001111110000000000001111000000000001
0000001111110001000010000010000000000001
1111111111110001000100110010001001001001
0000001111011001000010000010000000000001
1111111111101001000010000010000000100101
0000001111011000000000001110001000000001
0000001101111001000010000010000000000001
0000001110000000000000001110001000100101
0000001110001001000010000010000000000001
0000001110011001000010000010001001000001
0000001111101000000000001110001000000001
0000001110011001000010000010000000000001
0000001111101001000101000010001000000001
0000001110100000000000001110001000000001
0000001111000000000000001100000000000001
0000000000000111111111111010000000000001
0000001110100000000000001100000000000001
0000001101100111111111110010000010000001
0000001101011000000000001110001000000001
1111111111110001000010000010000000000001
1111111111110111111111110010001001000001
0000001110110000000000001110001000000001
0000001111010000000000001100000000000001
0000000000000111111111111010000000000001
0000001110110000000000001100000000000001
0000001101100111111111110010000010000001
0000001101011001000010000010001000000001
0000001101011000000000001110001000000001
0000001110001001000010000010000000000001
0000001111011001000010000010001001000001
0000000000000000000000000000000000000001
0000001110010000000000001111000000000001
0000000000000000000000000000000000000001
1111111111110010001101100010000000000001
0000010000100000000000001110001000000001
0000000011101001000010000010000000000001
0000010000000000000000001110001000000001
0000001000010001000010000010000000000001
0000010000001000000000001110001000000001
0000000111110001000010000010000000000001
0000010000010000000000001110001000000001
1111111111101001000010000010000000000001
0000010001111000000000001110001000000001
0000010000011001000010000010000000000001
0000010000100001000010000010001001001001
1111111111110001000010000010000000100110
0000010001111000000000001110001000000001
0000010000111001000010000010000000000001
1111111111110001000100110010001001001001
0000010000011001000010000010000000000001
0000010001011001000010000010000000100101
0000010001100000000000001110001000000001
0000010001001001000010000010000000000001
1111111111110001000100110010001001001001
0000010000011001000010000010000000000001
0000010001101001000010000010000000100101
0000010001110000000000001110001000000001
0000010010000001000010000010000000000001
0000000000000000000000000000000000000001
0000010010010000000000001111000000000001
0000010010010001000010000010000000000001
1111111111110001000100110010001001001001
0000010001111001000010000010000000000001
1111111111101001000010000010000000100101
0000010001111000000000001110001000000001
0000010000011001000010000010000000000001
0000010000100000000000001110001000100101
0000010000101001000010000010000000000001
0000010000111001000010000010001001000001
0000010010001000000000001110001000000001
0000010000111001000010000010000000000001
0000010010001001000101000010001000000001
0000010001000000000000001110001000000001
0000010001100000000000001100000000000001
0000000000000111111111111010000000000001
0000010001000000000000001100000000000001
0000010000000111111111110010000010000001
0000001111111000000000001110001000000001
1111111111110001000010000010000000000001
1111111111110111111111110010001001000001
0000010001010000000000001110001000000001
0000010001110000000000001100000000000001
0000000000000111111111111010000000000001
0000010001010000000000001100000000000001
0000010000000111111111110010000010000001
0000001111111001000010000010001000000001
0000001111111000000000001110001000000001
0000010000101001000010000010000000000001
0000010001111001000010000010001001000001
0000000000000000000000000000000000000001
0000010000110000000000001111000000000001
0000000000000000000000000000000000000001
0000001000011001000010000010000000000001
1111111101101000000000000000001000000001
0000001010111001000010000010000000000001
1111111101110000000000000000001000000001
0000001101011001000010000010000000000001
1111111101111000000000000000001000000001
0000001111111001000010000010000000000001
1111111110000000000000000000001000000001
0000000000000000000000000000000000000001
0000000000000000000000000000000000000001
0000000000000000000000000000000000000001
0000000000000000000000000000000000000001
0000000000000000000000000000000000000001
0000000000000000000000000000000000000001
0000000000000000000000000000000000000001
0000000000000000000000000000000000000001
0000000000000000000000000000000000000001
0000000000000000000000000000000000000001
0000000000000000000000000000000000000001
0000000000000000000000000000000000000001
0000000000000000000000000000000000000001
0000000000000000000000000000000000000001
0000000000000000000000000000000000000001
0000000000000000000000000000000000000001
0000000000000000000000000000000000000001
0000000000000000000000000000000000000001
0000000000000000000000000000000000000001
0000000000000000000000000000000000000001
0000000000000000000000000000000000000001
0000000000000000000000000000000000000001
0000000000000000000000000000000000000001
0000000000000000000000000000000000000001
0000000000000000000000000000000000000001
0000000000000000000000000000000000000001
0000000000000000000000000000000000000001
0000000000000000000000000000000000000001
0000000000000000000000000000000000000001
0000000000000000000000000000000000000001
0000000000000000000000000000000000000001
0000000000000000000000000000000000000001
0000000000000000000000000000000000000001
0000000000000000000000000000000000000001
0000000000000000000000000000000000000001
0000000000000000000000000000000000000001
0000000000000000000000000000000000000001
0000000000000000000000000000000000000001
0000000000000000000000000000000000000001
0000000000000000000000000000000000000001
0000000000000000000000000000000000000001
0000000000000000000000000000000000000001
0000000000000000000000000000000000000001
0000000000000000000000000000000000000001
0000000000000000000000000000000000000001
0000000000000000000000000000000000000001
0000000000000000000000000000000000000001
0000000000000000000000000000000000000001
0000000000000000000000000000000000000001
0000000000000000000000000000000000000001
0000000000000000000000000000000000000001
0000000000000000000000000000000000000001
0000000000000000000000000000000000000001
0000000000000000000000000000000000000001
0000000000000000000000000000000000000001
0000000000000000000000000000000000000001
0000000000000000000000000000000000000001
0000000000000000000000000000000000000001
0000000000000000000000000000000000000001
0000000000000000000000000000000000000001
0000000000000000000000000000000000000001
0000000000000000000000000000000000000001
0000000000000000000000000000000000000001
0000000000000000000000000000000000000001
0000000000000000000000000000000000000001
0000000000000000000000000000000000000001
0000000000000000000000000000000000000001
0000000000000000000000000000000000000001
0000000000000000000000000000000000000001
0000000000000000000000000000000000000001
0000000000000000000000000000000000000001
0000000000000000000000000000000000000001
0000000000000000000000000000000000000001
0000000000000000000000000000000000000001
0000000000000000000000000000000000000001
0000000000000000000000000000000000000001
0000000000000000000000000000000000000001
0000000000000000000000000000000000000001
0000000000000000000000000000000000000001
0000000000000000000000000000000000000001
0000000000000000000000000000000000000001
0000000000000000000000000000000000000001
0000000000000000000000000000000000000001
0000000000000000000000000000000000000001
0000000000000000000000000000000000000001
0000000000000000000000000000000000000001
0000000000000000000000000000000000000001
0000000000000000000000000000000000000001
0000000000000000000000000000000000000001
0000000000000000000000000000000000000001
0000000000000000000000000000000000000001
0000000000000000000000000000000000000001
0000000000000000000000000000000000000001
0000000000000000000000000000000000000001
0000000000000000000000000000000000000001
0000000000000000000000000000000000000001
0000000000000000000000000000000000000001
0000000000000000000000000000000000000001
0000000000000000000000000000000000000001
0000000000000000000000000000000000000001
0000000000000000000000000000000000000001
0000000000000000000000000000000000000001
0000000000000000000000000000000000000001
0000000000000000000000000000000000000001
0000000000000000000000000000000000000001
0000000000000000000000000000000000000001
0000000000000000000000000000000000000001
0000000000000000000000000000000000000001
0000000000000000000000000000000000000001
0000000000000000000000000000000000000001
0000000000000000000000000000000000000001
0000000000000000000000000000000000000001
0000000000000000000000000000000000000001
0000000000000000000000000000000000000001
0000000000000000000000000000000000000001
0000000000000000000000000000000000000001
0000000000000000000000000000000000000001
0000000000000000000000000000000000000001
0000000000000000000000000000000000000001
0000000000000000000000000000000000000001
0000000000000000000000000000000000000001
0000000000000000000000000000000000000001
0000000000000000000000000000000000000001
0000000000000000000000000000000000000001
0000000000000000000000000000000000000001
0000000000000000000000000000000000000001
0000000000000000000000000000000000000001
0000000000000000000000000000000000000001
0000000000000000000000000000000000000001
0000000000000000000000000000000000000001
0000000000000000000000000000000000000001
0000000000000000000000000000000000000001
0000000000000000000000000000000000000001
0000000000000000000000000000000000000001
0000000000000000000000000000000000000001
0000000000000000000000000000000000000001
0000000000000000000000000000000000000001
0000000000000000000000000000000000000001
0000000000000000000000000000000000000001
0000000000000000000000000000000000000001
0000000000000000000000000000000000000001
0000000000000000000000000000000000000001
0000000000000000000000000000000000000001
0000000000000000000000000000000000000001
0000000000000000000000000000000000000001
0000000000000000000000000000000000000001
0000000000000000000000000000000000000001
0000000000000000000000000000000000000001
0000000000000000000000000000000000000001
0000000000000000000000000000000000000001
0000000000000000000000000000000000000001
0000000000000000000000000000000000000001
0000000000000000000000000000000000000001
0000000000000000000000000000000000000001
0000000000000000000000000000000000000001
0000000000000000000000000000000000000001
0000000000000000000000000000000000000001
0000000000000000000000000000000000000001
0000000000000000000000000000000000000001
0000000000000000000000000000000000000001
0000000000000000000000000000000000000001
0000000000000000000000000000000000000001
0000000000000000000000000000000000000001
0000000000000000000000000000000000000001
0000000000000000000000000000000000000001
0000000000000000000000000000000000000001
0000000000000000000000000000000000000001
0000000000000000000000000000000000000001
0000000000000000000000000000000000000001
0000000000000000000000000000000000000001
0000000000000000000000000000000000000001
0000000000000000000000000000000000000001
0000000000000000000000000000000000000001
0000000000000000000000000000000000000001
0000000000000000000000000000000000000001
0000000000000000000000000000000000000001
0000000000000000000000000000000000000001
0000000000000000000000000000000000000001
0000000000000000000000000000000000000001
0000000000000000000000000000000000000001
0000000000000000000000000000000000000001
0000000000000000000000000000000000000001
0000000000000000000000000000000000000001
0000000000000000000000000000000000000001
0000000000000000000000000000000000000001
0000000000000000000000000000000000000001
0000000000000000000000000000000000000001
0000000000000000000000000000000000000001
0000000000000000000000000000000000000001
0000000000000000000000000000000000000001
0000000000000000000000000000000000000001
0000000000000000000000000000000000000001
0000000000000000000000000000000000000001
0000000000000000000000000000000000000001
0000000000000000000000000000000000000001
0000000000000000000000000000000000000001
0000000000000000000000000000000000000001
0000000000000000000000000000000000000001
0000000000000000000000000000000000000001
0000000000000000000000000000000000000001
0000000000000000000000000000000000000001
0000000000000000000000000000000000000001
0000000000000000000000000000000000000001
0000000000000000000000000000000000000001
0000000000000000000000000000000000000001
0000000000000000000000000000000000000001
0000000000000000000000000000000000000001
0000000000000000000000000000000000000001
0000000000000000000000000000000000000001
0000000000000000000000000000000000000001
0000000000000000000000000000000000000001
0000000000000000000000000000000000000001
0000000000000000000000000000000000000001
0000000000000000000000000000000000000001
0000000000000000000000000000000000000001
0000000000000000000000000000000000000001
0000000000000000000000000000000000000001
0000000000000000000000000000000000000001
0000000000000000000000000000000000000001
0000000000000000000000000000000000000001
0000000000000000000000000000000000000001
0000000000000000000000000000000000000001
0000000000000000000000000000000000000001
0000000000000000000000000000000000000001
0000000000000000000000000000000000000001
0000000000000000000000000000000000000001
0000000000000000000000000000000000000001
0000000000000000000000000000000000000001
0000000000000000000000000000000000000001
0000000000000000000000000000000000000001
0000000000000000000000000000000000000001
0000000000000000000000000000000000000001
0000000000000000000000000000000000000001
0000000000000000000000000000000000000001
0000000000000000000000000000000000000001
0000000000000000000000000000000000000001
0000000000000000000000000000000000000001
0000000000000000000000000000000000000001
0000000000000000000000000000000000000001
0000000000000000000000000000000000000001
0000000000000000000000000000000000000001
0000000000000000000000000000000000000001
0000000000000000000000000000000000000001
0000000000000000000000000000000000000001
0000000000000000000000000000000000000001
0000000000000000000000000000000000000001
0000000000000000000000000000000000000001
0000000000000000000000000000000000000001
0000000000000000000000000000000000000001
0000000000000000000000000000000000000001
0000000000000000000000000000000000000001
0000000000000000000000000000000000000001
0000000000000000000000000000000000000001
0000000000000000000000000000000000000001
0000000000000000000000000000000000000001
0000000000000000000000000000000000000001
0000000000000000000000000000000000000001
0000000000000000000000000000000000000001
0000000000000000000000000000000000000001
0000000000000000000000000000000000000001
0000000000000000000000000000000000000001
0000000000000000000000000000000000000001
0000000000000000000000000000000000000001
0000000000000000000000000000000000000001
0000000000000000000000000000000000000001
0000000000000000000000000000000000000001
0000000000000000000000000000000000000001
0000000000000000000000000000000000000001
0000000000000000000000000000000000000001
0000000000000000000000000000000000000001
0000000000000000000000000000000000000001
0000000000000000000000000000000000000001
0000000000000000000000000000000000000001
0000000000000000000000000000000000000001
0000000000000000000000000000000000000001
0000000000000000000000000000000000000001
0000000000000000000000000000000000000001
0000000000000000000000000000000000000001
0000000000000000000000000000000000000001
0000000000000000000000000000000000000001
0000000000000000000000000000000000000001
0000000000000000000000000000000000000001
0000000000000000000000000000000000000001
0000000000000000000000000000000000000001
0000000000000000000000000000000000000001
0000000000000000000000000000000000000001
0000000000000000000000000000000000000001
0000000000000000000000000000000000000001
0000000000000000000000000000000000000001
0000000000000000000000000000000000000001
0000000000000000000000000000000000000001
0000000000000000000000000000000000000001
0000000000000000000000000000000000000001
0000000000000000000000000000000000000001
0000000000000000000000000000000000000001
0000000000000000000000000000000000000001
0000000000000000000000000000000000000001
0000000000000000000000000000000000000001
0000000000000000000000000000000000000001
0000000000000000000000000000000000000001
0000000000000000000000000000000000000001
0000000000000000000000000000000000000001
0000000000000000000000000000000000000001
0000000000000000000000000000000000000001
0000000000000000000000000000000000000001
0000000000000000000000000000000000000001
0000000000000000000000000000000000000001
0000000000000000000000000000000000000001
0000000000000000000000000000000000000001
0000000000000000000000000000000000000001
0000000000000000000000000000000000000001
0000000000000000000000000000000000000001
0000000000000000000000000000000000000001
0000000000000000000000000000000000000001
0000000000000000000000000000000000000001
0000000000000000000000000000000000000001
0000000000000000000000000000000000000001
0000000000000000000000000000000000000001
0000000000000000000000000000000000000001
0000000000000000000000000000000000000001
0000000000000000000000000000000000000001
0000000000000000000000000000000000000001
0000000000000000000000000000000000000001
0000000000000000000000000000000000000001
0000000000000000000000000000000000000001
0000000000000000000000000000000000000001
0000000000000000000000000000000000000001
0000000000000000000000000000000000000001
0000000000000000000000000000000000000001
0000000000000000000000000000000000000001
0000000000000000000000000000000000000001
0000000000000000000000000000000000000001
0000000000000000000000000000000000000001
0000000000000000000000000000000000000001
0000000000000000000000000000000000000001
0000000000000000000000000000000000000001
0000000000000000000000000000000000000001
0000000000000000000000000000000000000001
0000000000000000000000000000000000000001
0000000000000000000000000000000000000001
0000000000000000000000000000000000000001
0000000000000000000000000000000000000001
0000000000000000000000000000000000000001
0000000000000000000000000000000000000001
0000000000000000000000000000000000000001
0000000000000000000000000000000000000001
0000000000000000000000000000000000000001
0000000000000000000000000000000000000001
0000000000000000000000000000000000000001
0000000000000000000000000000000000000001
0000000000000000000000000000000000000001
0000000000000000000000000000000000000001
0000000000000000000000000000000000000001
0000000000000000000000000000000000000001
0000000000000000000000000000000000000001
0000000000000000000000000000000000000001
0000000000000000000000000000000000000001
0000000000000000000000000000000000000001
0000000000000000000000000000000000000001
0000000000000000000000000000000000000001
0000000000000000000000000000000000000001
0000000000000000000000000000000000000001
0000000000000000000000000000000000000001
0000000000000000000000000000000000000001
0000000000000000000000000000000000000001
0000000000000000000000000000000000000001
0000000000000000000000000000000000000001
0000000000000000000000000000000000000001
0000000000000000000000000000000000000001
0000000000000000000000000000000000000001
0000000000000000000000000000000000000001
0000000000000000000000000000000000000001
0000000000000000000000000000000000000001
0000000000000000000000000000000000000001
0000000000000000000000000000000000000001
0000000000000000000000000000000000000001
0000000000000000000000000000000000000001
0000000000000000000000000000000000000001
0000000000000000000000000000000000000001
0000000000000000000000000000000000000001
0000000000000000000000000000000000000001
0000000000000000000000000000000000000001
0000000000000000000000000000000000000001
0000000000000000000000000000000000000001
0000000000000000000000000000000000000001
0000000000000000000000000000000000000001
0000000000000000000000000000000000000001
0000000000000000000000000000000000000001
0000000000000000000000000000000000000001
0000000000000000000000000000000000000001
0000000000000000000000000000000000000001
0000000000000000000000000000000000000001
0000000000000000000000000000000000000001
0000000000000000000000000000000000000001
0000000000000000000000000000000000000001
0000000000000000000000000000000000000001
0000000000000000000000000000000000000001
0000000000000000000000000000000000000001
0000000000000000000000000000000000000001
0000000000000000000000000000000000000001
0000000000000000000000000000000000000001
0000000000000000000000000000000000000001
0000000000000000000000000000000000000001
0000000000000000000000000000000000000001
0000000000000000000000000000000000000001
0000000000000000000000000000000000000001
0000000000000000000000000000000000000001
0000000000000000000000000000000000000001
0000000000000000000000000000000000000001
0000000000000000000000000000000000000001
0000000000000000000000000000000000000001
0000000000000000000000000000000000000001
0000000000000000000000000000000000000001
0000000000000000000000000000000000000001
0000000000000000000000000000000000000001
0000000000000000000000000000000000000001
0000000000000000000000000000000000000001
0000000000000000000000000000000000000001
0000000000000000000000000000000000000001
0000000000000000000000000000000000000001
0000000000000000000000000000000000000001
0000000000000000000000000000000000000001
0000000000000000000000000000000000000001
0000000000000000000000000000000000000001
0000000000000000000000000000000000000001
0000000000000000000000000000000000000001
0000000000000000000000000000000000000001
0000000000000000000000000000000000000001
0000000000000000000000000000000000000001
0000000000000000000000000000000000000001
0000000000000000000000000000000000000001
0000000000000000000000000000000000000001
0000000000000000000000000000000000000001
0000000000000000000000000000000000000001
0000000000000000000000000000000000000001
0000000000000000000000000000000000000001
0000000000000000000000000000000000000001
0000000000000000000000000000000000000001
0000000000000000000000000000000000000001
0000000000000000000000000000000000000001
0000000000000000000000000000000000000001
0000000000000000000000000000000000000001
0000000000000000000000000000000000000001
0000000000000000000000000000000000000001
0000000000000000000000000000000000000001
0000000000000000000000000000000000000001
0000000000000000000000000000000000000001
0000000000000000000000000000000000000001
0000000000000000000000000000000000000001
0000000000000000000000000000000000000001
0000000000000000000000000000000000000001
0000000000000000000000000000000000000001
0000000000000000000000000000000000000001
0000000000000000000000000000000000000001
0000000000000000000000000000000000000001
0000000000000000000000000000000000000001
0000000000000000000000000000000000000001
0000000000000000000000000000000000000001
0000000000000000000000000000000000000001
0000000000000000000000000000000000000001
0000000000000000000000000000000000000001
0000000000000000000000000000000000000001
0000000000000000000000000000000000000001
0000000000000000000000000000000000000001
0000000000000000000000000000000000000001
0000000000000000000000000000000000000001
0000000000000000000000000000000000000001
0000000000000000000000000000000000000001
0000000000000000000000000000000000000001
0000000000000000000000000000000000000001
0000000000000000000000000000000000000001
0000000000000000000000000000000000000001
0000000000000000000000000000000000000001
0000000000000000000000000000000000000001
0000000000000000000000000000000000000001
0000000000000000000000000000000000000001
0000000000000000000000000000000000000001
0000000000000000000000000000000000000001
0000000000000000000000000000000000000001
0000000000000000000000000000000000000001
0000000000000000000000000000000000000001
0000000000000000000000000000000000000001
0000000000000000000000000000000000000001
0000000000000000000000000000000000000001
0000000000000000000000000000000000000001
0000000000000000000000000000000000000001
0000000000000000000000000000000000000001
0000000000000000000000000000000000000001
0000000000000000000000000000000000000001
0000000000000000000000000000000000000001
0000000000000000000000000000000000000001
0000000000000000000000000000000000000001
0000000000000000000000000000000000000001
0000000000000000000000000000000000000001
0000000000000000000000000000000000000001
0000000000000000000000000000000000000001
0000000000000000000000000000000000000001
0000000000000000000000000000000000000001
0000000000000000000000000000000000000001
0000000000000000000000000000000000000001
0000000000000000000000000000000000000001
0000000000000000000000000000000000000001
0000000000000000000000000000000000000001
0000000000000000000000000000000000000001
0000000000000000000000000000000000000001
0000000000000000000000000000000000000001
0000000000000000000000000000000000000001
0000000000000000000000000000000000000001
0000000000000000000000000000000000000001
0000000000000000000000000000000000000001
0000000000000000000000000000000000000001
0000000000000000000000000000000000000001
0000000000000000000000000000000000000001
0000000000000000000000000000000000000001
0000000000000000000000000000000000000001
0000000000000000000000000000000000000001
0000000000000000000000000000000000000001
0000000000000000000000000000000000000001
0000000000000000000000000000000000000001
0000000000000000000000000000000000000001
0000000000000000000000000000000000000001
0000000000000000000000000000000000000001
0000000000000000000000000000000000000001
0000000000000000000000000000000000000001
0000000000000000000000000000000000000001
0000000000000000000000000000000000000001
0000000000000000000000000000000000000001
0000000000000000000000000000000000000001
0000000000000000000000000000000000000001
0000000000000000000000000000000000000001
0000000000000000000000000000000000000001
0000000000000000000000000000000000000001
0000000000000000000000000000000000000001
0000000000000000000000000000000000000001
0000000000000000000000000000000000000001
0000000000000000000000000000000000000001
0000000000000000000000000000000000000001
0000000000000000000000000000000000000001
0000000000000000000000000000000000000001
0000000000000000000000000000000000000001
0000000000000000000000000000000000000001
0000000000000000000000000000000000000001
0000000000000000000000000000000000000001
0000000000000000000000000000000000000001
0000000000000000000000000000000000000001
0000000000000000000000000000000000000001
0000000000000000000000000000000000000001
0000000000000000000000000000000000000001
0000000000000000000000000000000000000001
0000000000000000000000000000000000000001
0000000000000000000000000000000000000001
0000000000000000000000000000000000000001
0000000000000000000000000000000000000001
0000000000000000000000000000000000000001
0000000000000000000000000000000000000001
0000000000000000000000000000000000000001
0000000000000000000000000000000000000001
0000000000000000000000000000000000000001
0000000000000000000000000000000000000001
0000000000000000000000000000000000000001
0000000000000000000000000000000000000001
0000000000000000000000000000000000000001
0000000000000000000000000000000000000001
0000000000000000000000000000000000000001
0000000000000000000000000000000000000001
0000000000000000000000000000000000000001
0000000000000000000000000000000000000001
0000000000000000000000000000000000000001
0000000000000000000000000000000000000001
0000000000000000000000000000000000000001
0000000000000000000000000000000000000001
0000000000000000000000000000000000000001
0000000000000000000000000000000000000001
0000000000000000000000000000000000000001
0000000000000000000000000000000000000001
0000000000000000000000000000000000000001
0000000000000000000000000000000000000001
0000000000000000000000000000000000000001
0000000000000000000000000000000000000001
0000000000000000000000000000000000000001
0000000000000000000000000000000000000001
0000000000000000000000000000000000000001
0000000000000000000000000000000000000001
0000000000000000000000000000000000000001
0000000000000000000000000000000000000001
0000000000000000000000000000000000000001
0000000000000000000000000000000000000001
0000000000000000000000000000000000000001
0000000000000000000000000000000000000001
0000000000000000000000000000000000000001
0000000000000000000000000000000000000001
0000000000000000000000000000000000000001
0000000000000000000000000000000000000001
0000000000000000000000000000000000000001
0000000000000000000000000000000000000001
0000000000000000000000000000000000000001
0000000000000000000000000000000000000001
0000000000000000000000000000000000000001
0000000000000000000000000000000000000001
0000000000000000000000000000000000000001
0000000000000000000000000000000000000001
0000000000000000000000000000000000000001
0000000000000000000000000000000000000001
0000000000000000000000000000000000000001
0000000000000000000000000000000000000001
0000000000000000000000000000000000000001
0000000000000000000000000000000000000001
0000000000000000000000000000000000000001
0000000000000000000000000000000000000001
0000000000000000000000000000000000000001
0000000000000000000000000000000000000001
0000000000000000000000000000000000000001
0000000000000000000000000000000000000001
0000000000000000000000000000000000000001
0000000000000000000000000000000000000001
0000000000000000000000000000000000000001
0000000000000000000000000000000000000001
0000000000000000000000000000000000000001
0000000000000000000000000000000000000001
0000000000000000000000000000000000000001
0000000000000000000000000000000000000001
0000000000000000000000000000000000000001
0000000000000000000000000000000000000001
0000000000000000000000000000000000000001
0000000000000000000000000000000000000001
0000000000000000000000000000000000000001
0000000000000000000000000000000000000001
0000000000000000000000000000000000000001
0000000000000000000000000000000000000001
0000000000000000000000000000000000000001
0000000000000000000000000000000000000001
0000000000000000000000000000000000000001
0000000000000000000000000000000000000001
0000000000000000000000000000000000000001
0000000000000000000000000000000000000001
0000000000000000000000000000000000000001
0000000000000000000000000000000000000001
0000000000000000000000000000000000000001
0000000000000000000000000000000000000001
0000000000000000000000000000000000000001
0000000000000000000000000000000000000001
0000000000000000000000000000000000000001
0000000000000000000000000000000000000001
0000000000000000000000000000000000000001
0000000000000000000000000000000000000001
0000000000000000000000000000000000000001
0000000000000000000000000000000000000001
0000000000000000000000000000000000000001
0000000000000000000000000000000000000001
0000000000000000000000000000000000000001
0000000000000000000000000000000000000001
0000000000000000000000000000000000000001
0000000000000000000000000000000000000001
0000000000000000000000000000000000000001
0000000000000000000000000000000000000001
0000000000000000000000000000000000000001
0000000000000000000000000000000000000001
0000000000000000000000000000000000000001
0000000000000000000000000000000000000001
0000000000000000000000000000000000000001
0000000000000000000000000000000000000001
0000000000000000000000000000000000000001
0000000000000000000000000000000000000001
0000000000000000000000000000000000000001
0000000000000000000000000000000000000001
0000000000000000000000000000000000000001
0000000000000000000000000000000000000001
0000000000000000000000000000000000000001
0000000000000000000000000000000000000001
0000000000000000000000000000000000000001
0000000000000000000000000000000000000001
0000000000000000000000000000000000000001
